0 -155 75 -300
1 -145 75 -300
2 -135 75 -300
3 -125 75 -300
4 -115 75 -300
5 -105 75 -300
6 -95 75 -300
7 -85 75 -300
8 -75 75 -300
9 -65 75 -300
10 -55 75 -300
11 -45 75 -300
12 -35 75 -300
13 -25 75 -300
14 -15 75 -300
15 -5 75 -300
16 5 75 -300
17 15 75 -300
18 25 75 -300
19 35 75 -300
20 45 75 -300
21 55 75 -300
22 65 75 -300
23 75 75 -300
24 85 75 -300
25 95 75 -300
26 105 75 -300
27 115 75 -300
28 125 75 -300
29 135 75 -300
30 145 75 -300
31 155 75 -300
32 -155 65 -300
33 -145 65 -300
34 -135 65 -300
35 -125 65 -300
36 -115 65 -300
37 -105 65 -300
38 -95 65 -300
39 -85 65 -300
40 -75 65 -300
41 -65 65 -300
42 -55 65 -300
43 -45 65 -300
44 -35 65 -300
45 -25 65 -300
46 -15 65 -300
47 -5 65 -300
48 5 65 -300
49 15 65 -300
50 25 65 -300
51 35 65 -300
52 45 65 -300
53 55 65 -300
54 65 65 -300
55 75 65 -300
56 85 65 -300
57 95 65 -300
58 105 65 -300
59 115 65 -300
60 125 65 -300
61 135 65 -300
62 145 65 -300
63 155 65 -300
64 -155 55 -300
65 -145 55 -300
66 -135 55 -300
67 -125 55 -300
68 -115 55 -300
69 -105 55 -300
70 -95 55 -300
71 -85 55 -300
72 -75 55 -300
73 -65 55 -300
74 -55 55 -300
75 -45 55 -300
76 -35 55 -300
77 -25 55 -300
78 -15 55 -300
79 -5 55 -300
80 5 55 -300
81 15 55 -300
82 25 55 -300
83 35 55 -300
84 45 55 -300
85 55 55 -300
86 65 55 -300
87 75 55 -300
88 85 55 -300
89 95 55 -300
90 105 55 -300
91 115 55 -300
92 125 55 -300
93 135 55 -300
94 145 55 -300
95 155 55 -300
96 -155 45 -300
97 -145 45 -300
98 -135 45 -300
99 -125 45 -300
100 -115 45 -300
101 -105 45 -300
102 -95 45 -300
103 -85 45 -300
104 -75 45 -300
105 -65 45 -300
106 -55 45 -300
107 -45 45 -300
108 -35 45 -300
109 -25 45 -300
110 -15 45 -300
111 -5 45 -300
112 5 45 -300
113 15 45 -300
114 25 45 -300
115 35 45 -300
116 45 45 -300
117 55 45 -300
118 65 45 -300
119 75 45 -300
120 85 45 -300
121 95 45 -300
122 105 45 -300
123 115 45 -300
124 125 45 -300
125 135 45 -300
126 145 45 -300
127 155 45 -300
128 -155 35 -300
129 -145 35 -300
130 -135 35 -300
131 -125 35 -300
132 -115 35 -300
133 -105 35 -300
134 -95 35 -300
135 -85 35 -300
136 -75 35 -300
137 -65 35 -300
138 -55 35 -300
139 -45 35 -300
140 -35 35 -300
141 -25 35 -300
142 -15 35 -300
143 -5 35 -300
144 5 35 -300
145 15 35 -300
146 25 35 -300
147 35 35 -300
148 45 35 -300
149 55 35 -300
150 65 35 -300
151 75 35 -300
152 85 35 -300
153 95 35 -300
154 105 35 -300
155 115 35 -300
156 125 35 -300
157 135 35 -300
158 145 35 -300
159 155 35 -300
160 -155 25 -300
161 -145 25 -300
162 -135 25 -300
163 -125 25 -300
164 -115 25 -300
165 -105 25 -300
166 -95 25 -300
167 -85 25 -300
168 -75 25 -300
169 -65 25 -300
170 -55 25 -300
171 -45 25 -300
172 -35 25 -300
173 -25 25 -300
174 -15 25 -300
175 -5 25 -300
176 5 25 -300
177 15 25 -300
178 25 25 -300
179 35 25 -300
180 45 25 -300
181 55 25 -300
182 65 25 -300
183 75 25 -300
184 85 25 -300
185 95 25 -300
186 105 25 -300
187 115 25 -300
188 125 25 -300
189 135 25 -300
190 145 25 -300
191 155 25 -300
192 -155 15 -300
193 -145 15 -300
194 -135 15 -300
195 -125 15 -300
196 -115 15 -300
197 -105 15 -300
198 -95 15 -300
199 -85 15 -300
200 -75 15 -300
201 -65 15 -300
202 -55 15 -300
203 -45 15 -300
204 -35 15 -300
205 -25 15 -300
206 -15 15 -300
207 -5 15 -300
208 5 15 -300
209 15 15 -300
210 25 15 -300
211 35 15 -300
212 45 15 -300
213 55 15 -300
214 65 15 -300
215 75 15 -300
216 85 15 -300
217 95 15 -300
218 105 15 -300
219 115 15 -300
220 125 15 -300
221 135 15 -300
222 145 15 -300
223 155 15 -300
224 -155 5 -300
225 -145 5 -300
226 -135 5 -300
227 -125 5 -300
228 -115 5 -300
229 -105 5 -300
230 -95 5 -300
231 -85 5 -300
232 -75 5 -300
233 -65 5 -300
234 -55 5 -300
235 -45 5 -300
236 -35 5 -300
237 -25 5 -300
238 -15 5 -300
239 -5 5 -300
240 5 5 -300
241 15 5 -300
242 25 5 -300
243 35 5 -300
244 45 5 -300
245 55 5 -300
246 65 5 -300
247 75 5 -300
248 85 5 -300
249 95 5 -300
250 105 5 -300
251 115 5 -300
252 125 5 -300
253 135 5 -300
254 145 5 -300
255 155 5 -300
256 -155 -5 -300
257 -145 -5 -300
258 -135 -5 -300
259 -125 -5 -300
260 -115 -5 -300
261 -105 -5 -300
262 -95 -5 -300
263 -85 -5 -300
264 -75 -5 -300
265 -65 -5 -300
266 -55 -5 -300
267 -45 -5 -300
268 -35 -5 -300
269 -25 -5 -300
270 -15 -5 -300
271 -5 -5 -300
272 5 -5 -300
273 15 -5 -300
274 25 -5 -300
275 35 -5 -300
276 45 -5 -300
277 55 -5 -300
278 65 -5 -300
279 75 -5 -300
280 85 -5 -300
281 95 -5 -300
282 105 -5 -300
283 115 -5 -300
284 125 -5 -300
285 135 -5 -300
286 145 -5 -300
287 155 -5 -300
288 -155 -15 -300
289 -145 -15 -300
290 -135 -15 -300
291 -125 -15 -300
292 -115 -15 -300
293 -105 -15 -300
294 -95 -15 -300
295 -85 -15 -300
296 -75 -15 -300
297 -65 -15 -300
298 -55 -15 -300
299 -45 -15 -300
300 -35 -15 -300
301 -25 -15 -300
302 -15 -15 -300
303 -5 -15 -300
304 5 -15 -300
305 15 -15 -300
306 25 -15 -300
307 35 -15 -300
308 45 -15 -300
309 55 -15 -300
310 65 -15 -300
311 75 -15 -300
312 85 -15 -300
313 95 -15 -300
314 105 -15 -300
315 115 -15 -300
316 125 -15 -300
317 135 -15 -300
318 145 -15 -300
319 155 -15 -300
320 -155 -25 -300
321 -145 -25 -300
322 -135 -25 -300
323 -125 -25 -300
324 -115 -25 -300
325 -105 -25 -300
326 -95 -25 -300
327 -85 -25 -300
328 -75 -25 -300
329 -65 -25 -300
330 -55 -25 -300
331 -45 -25 -300
332 -35 -25 -300
333 -25 -25 -300
334 -15 -25 -300
335 -5 -25 -300
336 5 -25 -300
337 15 -25 -300
338 25 -25 -300
339 35 -25 -300
340 45 -25 -300
341 55 -25 -300
342 65 -25 -300
343 75 -25 -300
344 85 -25 -300
345 95 -25 -300
346 105 -25 -300
347 115 -25 -300
348 125 -25 -300
349 135 -25 -300
350 145 -25 -300
351 155 -25 -300
352 -155 -35 -300
353 -145 -35 -300
354 -135 -35 -300
355 -125 -35 -300
356 -115 -35 -300
357 -105 -35 -300
358 -95 -35 -300
359 -85 -35 -300
360 -75 -35 -300
361 -65 -35 -300
362 -55 -35 -300
363 -45 -35 -300
364 -35 -35 -300
365 -25 -35 -300
366 -15 -35 -300
367 -5 -35 -300
368 5 -35 -300
369 15 -35 -300
370 25 -35 -300
371 35 -35 -300
372 45 -35 -300
373 55 -35 -300
374 65 -35 -300
375 75 -35 -300
376 85 -35 -300
377 95 -35 -300
378 105 -35 -300
379 115 -35 -300
380 125 -35 -300
381 135 -35 -300
382 145 -35 -300
383 155 -35 -300
384 -155 -45 -300
385 -145 -45 -300
386 -135 -45 -300
387 -125 -45 -300
388 -115 -45 -300
389 -105 -45 -300
390 -95 -45 -300
391 -85 -45 -300
392 -75 -45 -300
393 -65 -45 -300
394 -55 -45 -300
395 -45 -45 -300
396 -35 -45 -300
397 -25 -45 -300
398 -15 -45 -300
399 -5 -45 -300
400 5 -45 -300
401 15 -45 -300
402 25 -45 -300
403 35 -45 -300
404 45 -45 -300
405 55 -45 -300
406 65 -45 -300
407 75 -45 -300
408 85 -45 -300
409 95 -45 -300
410 105 -45 -300
411 115 -45 -300
412 125 -45 -300
413 135 -45 -300
414 145 -45 -300
415 155 -45 -300
416 -155 -55 -300
417 -145 -55 -300
418 -135 -55 -300
419 -125 -55 -300
420 -115 -55 -300
421 -105 -55 -300
422 -95 -55 -300
423 -85 -55 -300
424 -75 -55 -300
425 -65 -55 -300
426 -55 -55 -300
427 -45 -55 -300
428 -35 -55 -300
429 -25 -55 -300
430 -15 -55 -300
431 -5 -55 -300
432 5 -55 -300
433 15 -55 -300
434 25 -55 -300
435 35 -55 -300
436 45 -55 -300
437 55 -55 -300
438 65 -55 -300
439 75 -55 -300
440 85 -55 -300
441 95 -55 -300
442 105 -55 -300
443 115 -55 -300
444 125 -55 -300
445 135 -55 -300
446 145 -55 -300
447 155 -55 -300
448 -155 -65 -300
449 -145 -65 -300
450 -135 -65 -300
451 -125 -65 -300
452 -115 -65 -300
453 -105 -65 -300
454 -95 -65 -300
455 -85 -65 -300
456 -75 -65 -300
457 -65 -65 -300
458 -55 -65 -300
459 -45 -65 -300
460 -35 -65 -300
461 -25 -65 -300
462 -15 -65 -300
463 -5 -65 -300
464 5 -65 -300
465 15 -65 -300
466 25 -65 -300
467 35 -65 -300
468 45 -65 -300
469 55 -65 -300
470 65 -65 -300
471 75 -65 -300
472 85 -65 -300
473 95 -65 -300
474 105 -65 -300
475 115 -65 -300
476 125 -65 -300
477 135 -65 -300
478 145 -65 -300
479 155 -65 -300
480 -155 -75 -300
481 -145 -75 -300
482 -135 -75 -300
483 -125 -75 -300
484 -115 -75 -300
485 -105 -75 -300
486 -95 -75 -300
487 -85 -75 -300
488 -75 -75 -300
489 -65 -75 -300
490 -55 -75 -300
491 -45 -75 -300
492 -35 -75 -300
493 -25 -75 -300
494 -15 -75 -300
495 -5 -75 -300
496 5 -75 -300
497 15 -75 -300
498 25 -75 -300
499 35 -75 -300
500 45 -75 -300
501 55 -75 -300
502 65 -75 -300
503 75 -75 -300
504 85 -75 -300
505 95 -75 -300
506 105 -75 -300
507 115 -75 -300
508 125 -75 -300
509 135 -75 -300
510 145 -75 -300
511 155 -75 -300
